%%Estudio Previo Practica 2 CD
G=[1 0 0 0 1 0 1;0 1 0 0 1 1 0;0 0 1 0 1 1 1;0 0 0 1 0 1 1];
H=[1 0 1;1 1 0; 1 1 1;0 1 1;1 0 0;0 1 0;0 0 1];
mi_decodificar_bloque_hamming74([1 0 0 1 1 1 0])